1.6841644760781804
1.260945268649813
0.9309592378532443
0.47195272224716867
0.9512874216295089
0.49843424278918036
0.19096465515528394
0.3865037109977082
1.1668124668186124
0.5123778888343793
0.8732875321963078
0.2768350194137419
1.671715620123365
0.19774463507612694
0.4858660667935979
9.904522151603032
9.92194722086793
9.681978475677877
10.077911257752001
10.097745433536463
9.784247398664238
10.167677680430511
10.249261212825523
10.419537999019337
10.047684783608359
9.744962210232732
10.3523195947203
9.793573067359013
10.329239281051244
9.881018508681418
9.904506270496881
10.079173720128054
12.3182431794473
10.187762613143974
10.021046822897643
10.696693462160724
10.05194562387293
10.852870034013925
12.462256998659868
10.98656798602368
10.031433175779334
10.453940217756625
9.985186298369271
9.932573838896946
10.100833894045932
10.0
10.0
10.0
10.0
10.195845925000512
10.005928839812569
10.134451565679647
10.210256357366426
10.018470140098295
10.0
10.073359978875018
10.0
10.283615300775992
10.0
10.0
