-9.820317108564337 -61.68416447607818 0.14770318200318044 9.708540100882276 
-9.951037953507797 -61.26094526864981 -0.6042207508946663 9.866653868437151 
-9.864861562063716 -59.069040762146756 -0.1017055322420719 9.962415126085336 
-9.879974034284256 -59.65458406616519 0.47195272224716844 10.162180330044542 
-9.851207454626426 -60.95128742162951 0.05911667208989946 9.804623324359097 
-10.04909185643068 -60.49843424278918 -0.14606314435618428 10.276795363412708 
-10.08186536734079 -60.190964655155284 -0.1898175523155955 9.968780831372746 
-10.089625283983773 -60.02619615794988 -0.3865037109977082 9.92058662913285 
-10.043092155170655 -61.16681246681861 0.10255225373142851 10.045727305946567 
-10.08439048477741 -60.51237788883438 0.14309708544829802 9.9162121512557 
-10.109429619285288 -59.12671246780369 0.36584235113653274 9.838817071339182 
-10.041146192529363 -59.88466899542656 0.19838089664040592 9.723164980586258 
-10.06171637348457 -61.671715620123365 -0.14336404298338534 9.900326791751318 
-10.065845582316474 -59.80225536492387 0.12522102873486518 9.991566458951032 
-9.988291922540917 -59.5141339332064 0.3100604941296583 10.008593276554564 
-0.1528416133327306 -59.892270029887165 -9.90452215160303 10.223955788979206 
-0.07805277913207076 -58.946107989093235 -9.81206547847497 10.017238335916026 
-0.3180215243221227 -61.48829304345582 -9.561554330250946 9.971645473220509 
-0.13652826234825688 -60.441235158645426 -10.077911257752001 10.26420121472402 
0.09774543353646348 -60.45877917741227 -9.910795033884197 10.273371804297039 
-0.21575260133576124 -60.175575468236055 -9.111805744777524 9.91489883564422 
0.16767768043051134 -60.12864036969935 -10.157127087451888 9.963149465630089 
-0.2447328791916339 -61.19389235217582 -10.249261212825523 10.031115818234138 
0.4195379990193364 -59.731849358713774 -9.861238860432362 9.969008551949301 
0.04768478360835893 -59.74708565305375 -9.800534395357444 9.996443265070502 
-0.25503778976726765 -58.28759459863215 -9.739021485205765 10.143881539397533 
-0.35535181850501196 -58.54337117034541 -10.3523195947203 10.278030890889637 
-0.24291220619858822 -58.736652607999716 -9.793573067359013 10.054794217131416 
0.25899411317812504 -59.86243151278763 -10.329239281051244 10.16404194841641 
-0.20829827532295164 -61.96216514493201 -9.881018508681418 9.950272804888876 
-0.11936614647174337 -50.09549372950312 0.44623567462199754 0.2689857315713845 
-0.18059955598099497 -51.389356073327384 0.3374945871568338 -0.07917372012805479 
0.11655194946160741 -47.6817568205527 -0.018452066309528448 -0.08870636107074581 
-0.1412106393877044 -49.812237386856026 0.0943718579699967 0.11748841158681189 
0.021046822897643258 -51.38066049826893 0.07227687715818432 0.06155721390784352 
0.08235816103691973 -49.303306537839276 0.033476344451492945 0.5789283846827488 
-0.18428474218113655 -49.97553688443581 0.06584159314612026 -0.05194562387293056 
-0.05985496661716305 -49.147129965986075 0.3760090991421102 0.03445638270389817 
-0.1626280874008228 -47.53774300134013 0.39981600826143004 -0.26425102964307956 
-0.04840660828627796 -49.01343201397632 -0.30888559723511166 0.043851634934511496 
-0.1018367066486644 -51.17653571507394 0.3371516123661531 -0.03143317577933402 
0.21200684150614169 -49.546059782243375 -0.18135693903667816 0.3249370366783275 
-0.014813701630729259 -50.07416230515988 -0.2945172925818763 0.3084835374025807 
-0.24344624973779538 -52.093442291246724 -0.3434201027313478 0.06742616110305355 
0.10083389404593279 -51.3196851514872 -0.16372308959598314 -0.0068956010925714795 
-9.739767514517457 -58.79281738386845 9.82782929804548 0.0 
-9.832462947237872 -59.804882593282386 9.971254950076625 0.0 
-9.977770888506733 -60.342938387520675 9.721964182626799 0.0 
-9.892163341133081 -59.49386219857682 9.942787561624218 0.0 
-9.85404912101334 -59.77720849186836 10.19584592500051 0.0 
-9.8435795476812 -60.8042049464975 10.005928839812569 0.0 
-9.793537601942345 -59.96645496887163 10.134451565679646 0.0 
-9.966151373263491 -61.654443548530686 10.210256357366426 0.0 
-10.15962911624629 -60.77455185590039 10.018470140098293 0.0 
-9.821342826262779 -58.78254185283637 9.867492791412888 0.0 
-10.027330696441947 -60.906743764095 10.073359978875017 0.0 
-9.944444875652245 -60.29785572079053 9.8529719453863 0.0 
-9.922692035407582 -59.38571928567852 10.283615300775992 0.0 
-9.943851404778407 -60.08589869928201 9.870017888367316 0.0 
-10.086674176586309 -58.448299102915854 9.851503081405264 0.0 
